.1	.2	.3	.4	.5	.6	.7	.8	.9	1.	1.1	1.2

.2	-.6	1.	.5	1.5	-.7	1.	-1.3	.8	-.8	1.	.7

.3	-.7	1.1	.6	1.4	-.8	1.1	-1.2	.7	-.9	.9	.6

.4	-.8	1.2	.7	1.3	-.9	1.2	-1.1	.6	-1.	.8	.5

.5	-.9	1.3	.7	1.2	-1.	1.3	-1.	.5	-1.1	.7	.4

.6	0.	1.4	.6	1.1	-1.1	1.4	-.9	.4	-1.2	.6	.3

.7	.1	1.5	.5	1.	-1.2	1.5	-.8	.3	-1.3	.5	.2

.8	.2	.3	.4	.5	.6	.7	.8	.9	1.	1.1	1.2

0.	.1	.2	.3	.4

.9	.8	.7	.6	.5

1.5	1.6	1.7	1.8	1.9

-2.4	-2.3	-2.2	-2.1	-2.0

-1.9	-1.8	-1.7	-1.6	-1.5

-1.4	-1.3	-1.2	-1.1	-1.0

-.9	-.8	-.7	-.6	-.5

-.4	-.3	-.2	-.1	-0.

1.	6.	-1.	-6.	.7

3.	4.	-3.	-4.	5

2.	-5.	-2.	1.1	-1.1

5.	4.	3.	2.	1.

.5	
-.4	
.3	
.2	
.1